"","Endothelial","CAFs","PVL","B-cells","T-cells","Myeloid","Normal Epithelial","Plasmablasts","Cancer Epithelial"
"X00a26384.1b1c.4db4.9664.75fb9b3febdb",0.104583014924488,0.123187653402256,0.00661415223882863,0.00329427959846279,0.0011649322091875,0.0101341074552214,0.674389411854249,2.75379601429397e-05,0.0766049103571649
"X01661d94.fc16.4456.95cf.a5fa4e1e196c",0.0999764490050693,0.207176819133795,0.0561416711367806,8.36826309304565e-07,7.11321859920834e-07,0.00198855986091495,0.131439580210055,4.9722764663776e-07,0.50327487527757
"X01900aab.4c12.4198.b41f.ff638e5abe3b",0.0981829522811338,0.17056426148237,1.05716797690353e-05,0.000995502213510347,3.33142016951271e-07,0.00439880821884882,0.580938041173327,5.77993490101035e-06,0.144903749874123
"X01ae5613.1c58.4d02.8fd3.47d35d71c22d",0.108590371917583,0.185305310623491,0.00220068314424765,0.00218821338384894,5.63243766292971e-07,0.0172196361791012,0.269593695599401,1.50266639889295e-06,0.414900023242162
"X01f6286b.8422.4f16.bec3.871c86396790",0.0473458054000273,0.0864640044151799,3.89902329657433e-07,9.43134374315027e-06,9.67393431647794e-07,0.0620501307570205,0.434091092970382,0.0348270178668909,0.335211159950995
"X021d9e06.9d27.400c.8776.08e89c817b46",0.0776248974150855,0.247571106043579,5.20659545340595e-07,0.0023742701175692,0.0488752744063844,0.108551538864319,0.232812527504489,0.0170691389920231,0.265120725997005
"X02423743.43b4.494b.acd9.1cd3bcd3d395",0.0528231272474274,0.163788002542695,0.0323972852601195,1.97644844762756e-05,0.0198983385198297,0.0360520102550943,0.372792411534513,0.000121853712474899,0.32210720644337
"X02a4ccea.1464.4664.bc44.bb6569a34608",0.0391008450876485,0.237806977161025,1.06959297289206e-06,1.05917405648733e-06,0.0634737385949632,0.00874738682910213,0.391708118119472,5.47512404900905e-07,0.259160257928355
"X02a50d1b.ff62.4936.a0ce.ac0e22a5b41c",0.0968951571490472,0.0350961844582475,0.0632308935828288,0.0316517178594661,0.076257505669719,0.0207421905605171,0.364017669142771,3.34412512734802e-07,0.31210834716489
"X02bbe1b1.44ff.426b.a40e.47a01bc4cf7d",0.215068804317279,0.186287472599413,0.0615649706817779,0.0684521140072003,0.0693405805956229,0.144180195186762,0.153082544526103,0.0147088398950452,0.0873144781907964
"X032e5aa7.8028.48ad.8fe4.6a5cc6aee5cb",0.0873251813413177,0.236571165991744,2.74629227022062e-07,0.00838209270051214,4.22024599913762e-07,0.0268626728751872,0.0609706984130826,0.012426265792253,0.567461226232076
"X034f8d01.f664.494b.bc04.77485000611f",0.113828870344846,0.284369157162881,0.0201045406418639,0.0254313980222308,0.0164876619681007,0.0144866247957623,0.392924580782678,2.63979396007399e-07,0.132366902302241
"X0361ec21.e83f.40a9.b825.d92487b1239a",0.0914525527517111,0.0863399681293717,0.0415202101672509,2.91966359594221e-06,0.105596538890791,0.00285516294385701,0.267896509679229,0.00450406852880496,0.399832069245389
"X0394cdb2.85e8.4cea.b572.4cb4ed779774",0.12508280968209,0.32982098600267,3.81989852431593e-07,0.0156529224168335,8.71523192790391e-07,0.041421372072963,0.409175545720539,9.40646948365211e-08,0.0788450165271642
"X039eaafb.c311.45ff.9df7.30c1b0bab00a",0.0763611742839067,0.41381372140566,0.0277733377667835,0.00350262604698571,4.5604357001243e-07,0.00821347343136507,0.327020761196798,2.25521404070894e-07,0.143314224303526
"X03d891b3.8faf.4384.94ce.2015f1ca5df0",0.034124398773917,0.0148191580765082,0.59264777429167,7.70616162652761e-08,0.0949159498808342,0.0921954937319717,0.149521626606603,9.33826737896504e-08,0.0217754281942064
"X04026251.0cf6.4889.83b4.8a46881470b5",0.0654142542565207,0.172201398247649,0.0390186887434981,0.00516371480986884,0.0012322914614102,0.00900916677020514,0.413696868143101,2.68115860212683e-07,0.294263349451887
"X040e40de.4c19.423f.98dc.151e2633d085",0.0606021767820575,0.253849589719915,0.102564156518842,0.00389389714200447,0.0171107262023578,0.0105245175390984,0.230665443604405,0.00040498486052564,0.320384507630794
"X046c3754.b22c.4bce.93c7.29b9da173d33",0.0754799013472916,0.0606960287158532,0.0443325873772982,0.00266353994294434,0.065465266268375,0.0319103621015945,0.115350806412909,0.000257667452181898,0.603843840381552
"X04c428b5.d0b9.4ecf.86e8.8a42dc4cbb5e",0.136626698774996,0.217459537650436,0.0165875468041507,0.00517768493409739,0.00365782832191948,0.0141812496122874,0.483117095059722,3.69834466421958e-07,0.123191989007925
"X04de1f79.fdfc.4662.bab2.a3ed667c7dea",0.0246043749947205,0.326585686270174,4.9870620243963e-07,0.0115563595663794,7.20885898137659e-07,0.0460671802316812,0.409888525466177,7.73500509669535e-07,0.181295880378258
"X04ed1bfb.533f.4d97.a7e4.3e7bab103485",0.0615754693728883,0.229252218165895,0.123425080741995,0.00114479380005097,0.022903299874265,0.0123099975031994,0.238577030002858,1.28683296143811e-07,0.310811981855553
"X053442de.6d8a.4811.b03c.be1c7a3f207c",0.0532926571894383,0.00585226317327545,0.0693599433532356,3.95494042486852e-07,5.85536129125167e-06,1.59972657198084e-06,0.602666316297224,0.000199867201881,0.26862110220304
"X0557d817.20e0.496f.840a.7a15d6da1694",0.404600253278092,0.280767494167096,0.000219327873173995,6.52243786901208e-07,2.80271264541441e-07,0.0131103707342752,0.301301148773483,2.18036231913919e-07,2.54622596901761e-07
"X05b55f88.290a.4abd.bbc3.44561ba1f8b7",0.228063872635558,0.26061382990165,0.0175316212558293,4.60542086244672e-06,6.75756834456702e-07,0.00949427821035055,0.272572513191222,2.64424026168617e-07,0.211718339203667
"X05ddce6e.57b0.4b78.9955.7c1b4c564498",0.114961574066404,0.128789141184501,1.56154293886382e-06,0.00314170889982719,4.92171021187557e-07,0.0134318221450255,0.710889615957534,3.08555180996066e-05,0.0287532285146489
"X05e15869.61fd.420f.b0e4.a2faaa814aca",0.176551955955083,0.290859081193723,0.00461779404709879,0.0099107875595804,0.001048798025369,0.0305086236365642,0.351570217380654,3.3522697562042e-07,0.134932406974952
"X05ea028e.6b8a.4352.88aa.057494cf5e80",0.0780987532224618,0.239666226936197,5.83288165870434e-07,0.0171740103443991,0.0168897088161742,0.044626901583698,0.334299502199818,0.00598215008449986,0.263262163524586
"X05ebe1e0.bf0d.4622.bc45.b0eacffdebcc",0.208684714375465,0.130165368332197,4.53977932073071e-05,0.0161923468562752,7.27060021208995e-05,0.0133625119650384,0.631476059339117,3.744970303945e-07,5.2083954952903e-07
"X05f4836a.8db8.4dbc.a996.090887bf8a64",0.210613991401413,0.238979186749055,3.20710780349463e-06,0.0101174011907544,2.25896543893588e-07,0.00599128902163148,0.53429442146861,1.19806516643461e-07,1.57357672715059e-07
"X0631de29.6e9a.4928.ab8a.c76bd44dbd45",0.186745168683644,0.200648993059031,1.16573787490443e-05,0.0148274738375164,0.00203289539307028,0.0128619807030019,0.582117577837235,0.000656859038816394,9.73940689352391e-05
"X0633890f.584c.43d9.aa3f.7a6555533dd8",0.0752473808481942,0.10298962980464,0.108805456192406,0.00491591323791884,3.18782305295287e-07,0.0105825110221018,0.218409333044509,0.000919016125857977,0.478130440942066
"X063a4886.ee4d.43a9.95c1.25a0c0b2d85d",0.0523530307623246,0.100493578307463,1.13099816828106e-05,0.0457170279376666,8.99650175595008e-05,0.00641564583448048,0.60043785753879,3.47167342920456e-07,0.19448123745269
"X064d1578.9fb7.439c.9644.d4cb6389ec9d",0.226192692847174,0.139600514986681,0.00158230339720675,0.000875150246425901,3.71834850232685e-07,0.00375137877688073,0.627996859917473,3.5074836508888e-07,3.77244943238018e-07
"X06a03e45.7315.4a8d.9fef.d841a4a8043c",0.126913262229784,0.148012403838841,8.87990073836087e-06,0.000205429282392009,0.00124300853985712,0.103580110722392,0.517716767783057,0.0223867296764685,0.0799334080264699
"X06ae7b4d.2906.4a38.a4ef.1cc937716dcb",0.126593567925691,0.191428250487906,1.21941353651694e-06,0.00825630493643149,6.7314291575041e-07,0.00735135047478446,0.490886886249138,1.14021781976013e-05,0.1754703451914
"X06ce7b93.1264.4219.8a2f.d8f0d295e45f",0.126974489709784,0.296647908333796,1.5053715367554e-05,0.0128999143173319,5.54423342938683e-07,0.00526646081033174,0.459986483976352,4.70702421374035e-07,0.0982086640112723
"X071e21e7.a494.4d87.ab48.1cb334e0d992",0.0897574563676917,0.136091572600997,0.028054881702544,0.0571404240282738,0.0298947782530883,0.0636522160633884,0.535199939743378,0.0141327937230649,0.0460759375175733
"X073939c1.c857.4340.8a5f.a7b87d2349c3",0.152329811233899,0.22199786698187,0.0230349903620881,0.0271987681437885,0.0349855343858918,0.0900316810027466,0.126145844739736,0.000270217152536028,0.324005285997444
"X0781a18f.ce2a.478f.945e.49b2b8d7d941",0.0636607497410012,0.31287525069667,0.00638734922320016,4.23911800348334e-07,3.57839204031492e-07,0.0181459123269004,0.0229162705752029,0.00303610059631397,0.572977585089707
"X078420d8.5079.4a98.81d7.3a4b84e9d0ad",0.156285535896749,0.157797340357592,0.0227190168759358,0.117176606836115,0.0477118037589299,0.0298029389148694,0.468502174622767,5.90702846751404e-07,3.99203419514942e-06
"X078f6959.adcf.44a5.91d2.2581ba3c8e62",0.2493284039026,0.146803079365159,0.0187473263401658,0.0189935776433934,0.00509927248937562,0.00857420908685024,0.55244791209641,2.23439896369904e-07,5.9956361497423e-06
"X07aa7c0a.ef47.495a.93be.b23a799d71d8",0.129020645567062,0.0657761824993978,0.00715030398799342,7.66030220670764e-07,0.025374734505404,0.0835488494244492,0.461893283491915,0.115328813748864,0.111906420744694
"X081b4937.85e7.44b3.9124.a612f4f2e0ca",0.100846102363524,0.0909780152215926,0.0163532276846751,0.0414018474623163,0.0402444115464684,0.0492496916858836,0.0668341926250186,0.00769071664179394,0.586401794768728
"X083eb05f.0af4.4f73.bf09.3806eb3b71bb",0.0881187084052715,0.290995522761873,0.00158802268940411,0.0151078110351305,0.0127597166044139,0.0749833898400517,0.0891423836379837,1.53541170676616e-06,0.427302909614165
"X08429604.2dc7.4827.8ba5.80818aa45a51",0.216124991908965,0.366185310460703,2.17563476893002e-06,0.033867368133307,0.0130051132460859,0.0303930592055431,0.340375486824115,2.25551197477798e-06,4.42390745385393e-05
"X08814ce5.fdf0.4f06.aabd.bf7b2738cf43",0.068465638314762,0.295299312440742,1.06837461274474e-06,4.49598336788657e-07,0.00512430095326475,0.0479821615137012,0.191484369723417,0.0799755899849656,0.311667109096199
"X08a14e13.810a.4862.9de9.16b4fea25625",0.211064970231886,0.358942133748162,0.291723610765949,0.0177360542388041,0.000364329334166066,1.92266304170029e-06,0.119447875199774,3.77638462821424e-07,0.000718726179754827
"X08ccd8d6.3e9d.4ece.a421.98acaf272569",0.09666239447131,0.184250475919177,4.28901940948743e-07,0.0558761880704135,0.0353175857139173,0.10453127347573,0.193276766310934,0.160331872486338,0.16975301465024
"X0940092b.46da.4975.bde7.f205fe12707b",0.0752339004558701,0.120520724881629,0.0603418420809388,0.000869702834814399,4.7664228173598e-06,0.0115502623867471,0.3724238225338,4.1159212116693e-07,0.359054566811262
"X0965a7ff.1a9f.4cc6.a822.970390b2de58",0.231882058401982,0.287332551263511,8.81676586805017e-07,4.11346016337194e-07,1.66060852550508e-07,0.0183017410375428,0.462480834009605,1.01561187801793e-06,3.40592025104318e-07
"X096761b0.f4ca.448d.b78f.58469a508798",0.0601616110753532,0.0943911629253576,0.0656824181025117,0.011222044656016,0.0357725524327634,0.0126492962310294,0.166249632368392,4.2178649522599e-07,0.553870860422081
"X099445c1.bd35.43ac.ab7e.9a8a9999c9a7",0.145554844680251,0.185409288178245,0.068750165289618,0.0600594431623867,0.00851038769789944,0.00519415944956898,0.469821268962355,3.04470266832722e-07,0.056700138109409
"X09c3168a.9886.4095.a5ef.8bdcd0988dea",0.104157136309773,0.0911288009871121,1.07574468578069e-05,0.00430258496138936,3.31297077360407e-07,0.0159479531063393,0.439505331803639,0.00168384056225226,0.343263263525561
"X09cf8de3.bb0f.434d.8cb3.9f5eeb264b6b",0.102201091476011,0.345994752643783,0.00667982838691862,0.0355190327680536,0.0038250659013129,0.0266309651547126,0.419258663663483,1.62971334612052e-07,0.0598904370343906
"X09f906ba.fa4b.487f.9631.fbd97d9db8f9",0.0925036042243397,0.0972322723131254,0.0879163042097904,0.000720773313621658,0.0184126826182379,0.0175949159200428,0.210198016907819,0.007557216889588,0.467864213603436
"X0a133c47.fae8.4e3b.8f4d.cbf357f5e2fc",0.0469488413229915,0.530874735885174,1.26929399398312e-05,0.00851237632528748,0.0330694326481575,0.0349282993629975,0.221994534639681,3.64118210695418e-07,0.123658722757561
"X0a430a9a.7e63.41d6.8cd0.1dda1e1df975",0.0605298118284139,0.200712424052337,0.0770364584118711,0.0259970691238281,0.0320766256662103,0.0302752797878797,0.215394978760416,0.000116738857824698,0.357860613511218
"X0a72c39e.889a.4990.bf96.6c7b9b8c1124",0.0457890196019348,0.265698722184534,0.0572176357486112,0.0119424607486365,0.0958084181428555,0.0684286339143623,7.18077751861706e-07,0.00309161031253228,0.452022781268782
"X0a950719.ca7a.4dbf.8755.262cabf3d4b7",0.313901278471522,0.189215218191562,0.00572600198244572,0.0141659971355148,3.65815402811942e-07,0.00432230668571108,0.472668397873846,2.07706633465363e-07,2.26137361746023e-07
"X0a9e33db.2527.4cc3.8669.a7c10fed7a7f",0.103365896536767,0.135824226967565,0.00449966181345198,5.41372372636643e-07,6.55521860838005e-07,0.00660986405555506,0.522917792315282,2.53663309111661e-07,0.226781107753836
"X0af3ed73.d962.492c.9dc5.85247cd3de03",0.0910900474655544,0.0962766247330386,0.0973875969409424,0.0331718534855396,0.00747144887376365,0.00767208424165777,0.340021088946421,1.14294820395113e-07,0.326909141018262
"X0b0b23c2.dac8.45cf.ba91.913776b00a33",0.0654170429350791,0.116913079058117,0.00579179431339643,0.00417955377706826,5.68848354273094e-07,0.069639657428676,0.357929998606968,3.39437954397561e-07,0.380127965594386
"X0b36289c.6835.414d.9f86.4cc4a812af87",0.0744460620787804,0.100139195488031,0.155254453970533,4.5254325977987e-07,0.0262062151915691,0.000833447437012515,0.393851911375826,2.22137752296376e-07,0.249268039777236
"X0b59b278.d2f6.4aa6.bf6d.b8d743ae83af",0.0709108558245325,0.031163147073089,0.0847989884148047,0.0116376023598684,0.0996349430612429,0.22407813716891,0.13966067450324,0.0221295635204183,0.315986088073894
"X0ba03a16.3c4f.4118.91aa.53d4a7c00d38",0.0660083406951752,0.375823063181023,0.0068965389122895,0.00918059289269321,0.0137298796524283,0.0330077350933461,0.291905176162791,3.09528717297462e-07,0.203448363881536
"X0bceb3fb.af69.4427.8ce1.767da4b31c37",0.130535067986444,0.325917092875319,0.121328373619148,5.59993556882505e-07,0.0138560989903648,0.0704811385188299,0.122013075125951,0.00862025634814924,0.207248336542238
"X0c087071.89ba.4fc8.ab47.c4f1c60fa24c",0.121572265350865,0.0353931588293333,0.0900021199210997,0.00876218800657455,0.0974707093588358,0.0848976053746431,0.11688724069262,0.0269689799104305,0.418045732555598
"X0c13d041.ca8d.48cc.ba02.3b7889e5367c",0.0554398507505272,0.24732078083459,0.0243000340157311,0.00978116416980605,0.000614413671745182,0.0245538670140749,0.24814192155356,1.24070651968949e-07,0.389847843919313
"X0c311d42.5038.4408.ac4a.5ffbb02817e4",0.0233397679248455,0.305979916384461,0.0357540259885324,2.16366918428834e-07,9.40686931569587e-07,0.0335316691175752,0.0813469949368942,0.035355305882128,0.484691162711714
"X0c80ffec.6290.4b81.9dba.cb64d142b8a8",0.106361493182358,0.320826729669924,1.45027730033454e-06,0.00486013530113369,5.9153299213731e-07,0.012055677392983,0.537352594795338,2.8600293866728e-05,0.0185127275541044
"X0c814cd9.5b2c.4764.9e6a.6ad0403fcd7d",0.129521295092167,0.0667226048481624,0.0670663109195662,0.0222680534644538,1.0741745922377e-06,0.00175350304582014,0.69647280404344,3.08034634173638e-07,0.0161940463771645
"X0cf58c62.a75d.413b.8ce3.4d90f4688b04",0.14728530427306,0.143078601458735,8.71073294306071e-05,0.0686506672023122,0.033526190663806,0.042007565078514,0.485852787505639,5.28787261979781e-05,0.079458897762305
"X0d6fbefe.4e21.4762.a476.9c899d4a94b7",0.0531208456171706,0.332642047240093,0.0371205072805617,5.50652596344718e-06,0.00241526756793407,0.0528357943454396,0.211040686906979,0.000858533620444243,0.309960810895414
"X0d71189d.6801.4d6b.b306.22efcaa2564a",0.123220844144172,0.0562042669390335,0.301949596024282,0.0080579913933284,0.0858757338179157,0.0549732215808419,0.193903327176821,8.12389035576265e-07,0.17581420653457
"X0d9db3d9.8f0a.41f8.bf2b.5de447d676b8",0.0878072430769733,0.278982254382987,0.00284119288919802,0.0123446749389476,0.00542374597103038,0.0203657857510987,0.471739440936821,0.00104986975732405,0.11944579229562
"X0dacd83e.7fab.4064.a25c.c1de66be5305",0.116009564980662,0.110498341790016,0.260544250635652,0.00952406309480783,0.0385576564308698,0.0212433977963106,0.230420494358444,1.86113739985236e-07,0.213202044799498
"X0db633a3.b1da.4caf.8e2c.89c0bc422869",0.165919061284735,0.259082221880009,3.20823546621204e-06,0.091266572147052,0.0574124964264398,0.0676596448546871,0.345500423212292,4.07631192424704e-06,0.0131522956473949
"X0e062eef.29b8.4622.afd9.0d3f0d1c37d6",0.0730091329546942,0.233523380517825,0.000565351264043656,0.00590057772325827,0.0610727801306227,0.106463786806098,0.149881611881871,0.00173841128046666,0.367844967441121
"X0e2d6467.d90b.40dc.813c.fa4f8a0f4d07",0.0295768094266671,0.132436901822633,0.0924936624275824,0.0127816926892946,0.0699628409213713,0.0672443910658623,0.0153914190596995,2.83019205281915e-07,0.580111999567684
"X0e8857f9.6f8b.46c5.a019.9c69bdc50525",0.0815615785266853,0.405617959868554,0.0110584019280228,0.0373025061849432,0.0158721845817598,0.0370803842761926,0.276454079374623,2.11191367758223e-07,0.135052694067852
"X0ef46de9.c9e7.42f0.92bf.c17dc2ede102",0.188494626604944,0.165642042174066,0.000110641751139089,0.0196055631086635,5.97921222697956e-07,0.0196422015263526,0.606503681428317,2.77148346089469e-07,3.68336948255982e-07
"X0f168687.6f42.4d92.8f91.13efde785a0c",0.201405671117621,0.160434026138334,0.00336857594274824,0.0391527723417386,0.0486130847019616,0.0349168471839146,0.24820313752428,2.67054125860115e-07,0.263905617995276
"X0f382cf1.3e52.4078.bf12.cc6ba998ed3f",0.0630053852197643,0.0223476166184164,0.16271756626654,1.24682152108298e-06,0.142297611831172,0.00612367410549998,0.248113096379158,3.63884924800865e-07,0.355393438873003
"X0f3b932e.de72.483f.9ef6.74ae972637bd",0.0729616076096169,0.143233969504423,1.11558991818217e-06,0.00677859015319621,0.00265875103310178,0.0408771515093716,0.414476588088244,9.09211435113109e-07,0.319011317300693
"X0f669396.2dc4.4305.aa35.c6fbd82ee7df",0.0547303166566694,0.104852699339797,0.073978536748767,0.00198300903383064,3.64769334715298e-05,0.00103423757374591,0.29825877328606,1.99699874502176e-07,0.465125750727784
"X0f9b8032.b21a.4480.8434.d174760a7ddd",0.0698383709887292,0.0929527763126201,0.00842413414088236,0.0120585163306885,0.019705095624547,0.0654548490319283,0.164772229546206,0.00958716394321405,0.557206864081184
"X0fb8ee34.b7c8.4ea6.987a.b69c00baa53a",0.25101276187807,0.136520483694148,1.72895432576095e-06,0.287658092092677,0.125842398989373,0.032354961219801,0.149729080212388,0.00438903202773695,0.0124914609314804
"X1008e8d8.a93c.4779.80b6.1272322e7c52",0.0484538995251922,0.22453891916035,0.0536350298431393,2.18298772217289e-06,0.00226744190159979,0.00217944251333476,0.0289277807603099,7.36047282551704e-05,0.639921698580096
"X10376443.40df.451a.91e5.6be34850558c",0.0757970840587278,0.0616305253487323,0.0665824859142852,0.0189887731032267,0.0150654528652192,0.00915915274764068,0.122041940374415,4.8804836030121e-07,0.630734097539392
"X1044dff3.e077.4086.8d78.e3c125ec0c84",0.0700513415534851,0.0564279524212785,0.157828551743801,6.8589699328612e-07,0.00711894671624109,0.0350464378632729,0.199753464214132,0.00180458393094963,0.471968035659846
"X1075d95f.6d27.42e1.a67a.73d5247c8a68",0.0468273249586467,0.206077500040182,0.0459589586843584,2.90999214364953e-07,6.68179481833541e-07,0.0101204163796288,0.330812216688065,1.62864403481272e-07,0.36020246120602
"X10ce58cf.c9ee.4be2.899d.4c20c788effc",0.143183907741543,0.102901564085985,0.0643773054118396,1.34028857658614e-06,5.88850389979013e-07,0.0104722123127661,0.652522501553952,0.00244187195106849,0.0240987078038787
"X1100a85c.823d.417b.a764.9282ec8593a5",0.104942780063312,0.143481465644579,0.0406304579674788,0.00214834325728252,4.82818784878312e-05,0.0237035118953904,0.327871900814216,4.53773551299334e-05,0.357127881124124
"X11d450a3.4578.4444.8ddf.613b5868b683",0.0759527861415631,0.146900959356978,0.000934314590977538,0.0165684770726203,0.00291098615344712,0.0137274429615143,0.452238285286684,1.4613391582452e-06,0.290765287097057
"X11ed8e05.8f30.460a.b502.01ae09504315",0.15826721493316,0.281817692905315,0.0501548497523642,0.0127112596202249,0.0273389337009362,0.021166051596349,0.32192018761973,4.147462563424e-07,0.126623395125663
"X13295142.1853.417f.a798.60c41fd90166",0.116603136290532,0.0764127978842853,0.0464148550414463,5.61334086483145e-07,0.00042303444625425,0.026056637449327,0.16073862818012,0.117297256268566,0.456053093105383
"X139b1f70.02f6.4f5e.84b3.81d3677b3f8c",0.0576701262240707,0.0531990627640065,0.104897680169064,0.00144507130091215,0.10912297611278,0.0262935761049235,0.250579557368288,1.44350492540143e-07,0.396791805605463
"X13cc2a80.d6fe.49ff.9868.c9eac6df3c5e",0.0108314812248612,0.0223537212285718,0.00208157037952364,1.24630661737584e-07,0.148915932343531,5.61229586314e-07,0.42248205583116,1.29195759903056e-07,0.393334423936345
"X13d6ae6d.1662.4e0a.a10b.a733efc216b2",0.0607698420250804,0.373353800757241,3.71092839999084e-07,0.00453398377889357,5.75716958392113e-07,0.018269428330043,0.164804283292717,2.00090917849728e-07,0.37826751491531
"X13daffbb.aa53.44f9.a6ed.5fd43ed37471",0.209337749390068,0.085911254175052,0.053202864903656,0.00884971031602671,9.94674879515993e-07,0.00100067108820911,0.641695748774575,5.73382782367255e-07,4.33294751098289e-07
"X13fc37db.3160.4e82.bd63.52fc295e0e19",0.0409535721468242,0.21694829859237,0.043230311507862,0.00352945187200688,3.66083097161831e-05,0.0124574444337674,0.484865087869404,2.86655507830443e-07,0.197978938612541
"X1406cfa1.39b8.4ab6.a960.ed6f38bc0f0d",0.142506056573488,0.11253783900813,0.0692873557201251,0.00886585541485521,0.00916379105956378,0.00801648611972897,0.310267705530743,0.000111390321143191,0.339243520252224
"X144d0f39.feff.4dcd.a07d.abcc400e901f",0.0859100368112978,0.177955319067385,0.0225148797876717,0.00571695133457253,0.00376981006478397,0.00864507525120735,0.307955517869653,3.40275119291587e-07,0.387532069538309
"X1453285a.717a.4ae3.a537.57df2b8e65e2",0.0730113042592154,0.0488920237324019,0.159495133307164,0.0195958444294707,0.0663677633456094,0.015428987886156,0.132137829957286,1.27976316492164e-07,0.48507098510638
"X1467bc96.cad8.4011.962e.d43e6c725f63",0.0483368176714865,0.181963339626237,0.0741474700919756,0.00534515532610433,0.00432661954368617,0.037880758380792,0.282280750456538,1.50261580590016e-07,0.3657189386416
"X1516c4ec.98c0.41dc.9ad1.86cc05305fc1",0.124784157350436,0.234091782376313,0.000486322582010563,0.00258748295244016,1.51066326587554e-06,0.010690983015725,0.56604940440938,3.37507491704745e-07,0.0613080191429379
"X151af32a.7367.4e35.a575.f6da31aa256a",0.426023278553295,0.445566137311122,5.46641385523345e-07,2.54929943460448e-07,1.25926270055654e-07,0.119919830339835,0.00848896888134156,1.76935565933639e-07,6.80481242172754e-07
"X158ab1d9.8925.4a05.95da.b2e0ca297474",0.151077875815403,0.280453552041162,2.10058079194628e-06,0.0363694405701914,0.0147529315348898,0.0494183192862516,0.350290565747083,0.0027720440195917,0.114863170404636
"X15933e60.dee1.493a.a4f9.d5791dd15325",0.186074100502727,0.138469314868073,0.0136581734623999,0.000689486200575593,0.091333852973868,0.0309102670721561,0.173421998954105,0.000456600042276221,0.364986205923818
"X16bd1ebb.5bf9.4839.99bd.5a4d3dcad7b8",0.179954916784052,0.305190949337059,0.0443967058441241,0.00246056543326928,0.00104093770700954,0.0699421633567889,0.170602651652669,2.54211748681249e-07,0.22641085567328
"X16e1fcb7.863d.40c1.b2d6.365d519148f6",0.331159377404669,0.238147185473042,1.15430049480743e-06,0.0034671076406994,0.00474915990087109,0.0252889198052766,0.394904864258319,0.00149523911213717,0.000786992104491608
"X171e095d.2236.43c8.9670.23608e6cc8ab",0.110554794666285,0.148522841628247,0.14472981109651,0.0218312345090189,0.0188986323926228,0.00304017663087054,0.320625751993773,3.06508505768353e-07,0.231796450574168
"X1729f18b.f4d7.4e1c.af9f.2c651023e7fc",0.0316965051025681,0.54759737623269,7.70409883042044e-07,9.66870983365634e-07,4.39283133238067e-07,0.027738416787914,0.104190419037573,5.20331208450615e-07,0.288774585944046
"X1742c1d9.a359.4d9e.b1e4.1d162472e67a",0.0423853325797554,0.284975221892321,4.92478853711265e-07,0.0192526268827544,5.43340791743947e-07,0.0291927370478974,0.4662980139043,2.57089447635486e-07,0.157894774783879
"X17985496.652a.4034.997b.b888d97316e3",0.0650894386850483,0.65215709563217,3.09663016728558e-05,0.00197954942655723,1.66746904295538e-06,0.0237753418847098,1.49892947466277e-06,5.59421819507266e-07,0.256963882249504
"X17dfa221.f092.45ed.a2e4.5798ddfc0ce9",0.0890957993540253,0.151804216903752,0.0349184397166582,1.25580294475837e-06,0.00656295323239612,0.0830155824233516,0.191943947592079,0.00552340137805917,0.437134403596734
"X17efe3f1.a97a.4e26.b28a.98702fd3c42b",0.175513737267109,0.175183816952774,0.294429146576178,0.00735979744333676,0.0258877045548424,0.0182371439227759,0.162252627774872,6.37247645936097e-07,0.141135388260466
"X187f14ba.0002.4f99.9eb1.af93cbfdd4c2",0.169290479769175,0.272509916286048,4.94436068814153e-07,0.0659957861869848,0.0103356248476958,0.0485826589016038,0.402793215284284,7.56990235216426e-08,0.0304917485891164
"X1880f86a.77c8.4eac.a3e7.a62f5edad8fb",0.120762084471935,0.355132235717965,0.0106772136023666,0.0203702675814876,0.021218904544672,0.0353561759353942,0.282436467632165,4.34256340617458e-07,0.154046216257675
"X18cbd510.bce2.4370.a00f.939d562ba7de",0.0676893993389422,0.315864771234554,0.0193197321630471,8.67440584820581e-07,0.00885821506198659,0.0208590212764386,0.278449515160106,0.00517720600231597,0.283781272322025
"X18e5bf73.efdd.4c75.957c.68a94f6cb396",0.200342017334275,0.204313812706288,5.96405080733797e-05,0.0112395929200131,0.00668222782035763,0.0196496192507077,0.474897537115449,0.00304569358360582,0.0797698587612313
"X1924888b.3b46.4079.a403.d758975a37bd",0.0615421438069232,0.266037669387143,0.0442689711367622,0.000573765945576008,1.25885049133672e-06,0.00407664960264311,0.437050609361656,2.76909731626355e-07,0.186448654999073
"X195d8bd4.352c.4407.9319.797d915c72b8",0.164639069014708,0.218682702684017,0.021734806487111,0.00949690532059226,0.0203968841041822,0.0885507346048611,0.255416675426111,0.00290001193719407,0.218182210421224
"X1990cbfd.497e.4fcb.ad10.251e410c0d29",0.16185932937672,0.304498083171965,0.0213095949984367,0.00437608117020408,0.0163584003682549,0.0461407593074636,0.0546416939819939,6.57832669642456e-07,0.390815399792291
"X19afe60a.30a2.45f6.b4fb.de935154027c",0.0873298566433263,0.100492597085134,0.0384945088013323,1.16149389273821e-06,0.00601724748301489,0.0318725778025371,0.160162160636356,0.00512544012210761,0.5705044499323
"X1a112735.ff30.4c94.953f.444ccad2afe2",0.0504884941450071,0.284471771303904,5.03761703955016e-07,0.0118656726011428,9.30088810624725e-07,0.0249208520159076,0.51084097425428,3.21424373793746e-07,0.11741048040487
"X1a2bc49d.edc6.4b84.88f0.73b6ed250d1b",0.122883157864843,0.139493834451208,0.0694123643356458,7.20904608775181e-06,0.0507184591932111,0.0859482996271613,0.162502758695649,0.00363876091374773,0.365395155872446
"X1a3dcc95.64bf.4886.9807.9511b24f30af",0.0855195527176418,0.396833023319876,0.000116597860933479,0.0262860328033022,4.93965885858282e-06,0.012173276725159,0.479064864824131,9.41552461538539e-08,1.61793485186382e-06
"X1a3e846b.4c7f.4aac.8c26.bb5e25f226ae",0.107420478596588,0.0687590873584135,0.0404835649307998,0.0177395159118956,0.00395308251332566,0.0288554990717506,0.0882575107580291,0.0454139899706258,0.599117270888571
"X1b392450.2b27.4dce.9205.7de33a64ba42",0.0961277069735412,0.299452897550237,0.217929795654903,0.00763041254179378,0.0330807982220622,0.0298151193783502,0.225955044014621,6.83434038787512e-08,0.0900081573210873
"X1b87d18e.4b47.47d0.a6de.1bb9eedb04c9",0.223122594843076,0.223802702402667,0.0103876323843044,0.00995672632556217,7.03503272827883e-07,0.00665238263754266,0.526076874559996,1.79829988738093e-07,2.03513590341212e-07
"X1babcd23.5abc.4f27.b367.a093590e9f6d",0.0784892613941385,0.12603464879832,0.0661038605997457,1.83987903135083e-06,0.0551335344682671,0.0379797211306303,0.071366195130905,3.16089877058918e-05,0.564859329611255
"X1bc678a3.1850.4ab6.874b.d68992fddc7b",0.099914623725217,0.0205680741951384,0.0401722132164477,2.12607704055862e-07,2.47422911158008e-07,4.18472980462581e-07,0.262526421391339,1.17687798606065e-07,0.576817671280464
"X1bd6dff8.ad21.4a45.b496.2d52ba995e5e",0.144119694649569,0.159481589716888,0.00854863324453901,0.0221084234811693,0.00252871893910215,0.0117928655653012,0.600373914672164,0.000248722626232605,0.050797437105034
"X1be6a56c.a7b1.45e5.b96c.db20337073b8",0.09322819355745,0.14683934092811,0.0236281367539242,0.00642836381772465,0.0379564718114611,0.0381214973012431,2.1304045826982e-05,0.00326417566583702,0.650512516118423
"X1c3dbd2f.1c07.48cb.a844.0b1b3eb14e0d",0.0600984165289885,0.327275418676893,0.0178308109148244,0.0022395602401191,1.77622983495084e-06,0.0207160530542054,0.125038136356361,9.43282349930335e-06,0.446790395175275
"X1c9253df.acb7.492c.aaa8.7718fc778f13",0.150956498619188,0.347465480079064,4.24911278464718e-07,0.0247213744976441,0.0153770876393691,0.0707399382357923,0.299632826301564,0.00353461056681687,0.0875717591492822
"X1cb7f73e.af63.4d6a.b6a1.fe289435a93f",0.038845622183279,0.116940493315869,0.0489796380283305,2.07366635457825e-07,0.0637440590516543,0.00619399319625667,0.630510628262932,1.2705808593108e-07,0.0947852315369573
"X1cbbe329.a471.425e.b14d.e9043fce6926",0.21198726284716,0.0652003338796884,0.00665650730723206,0.0300564157364928,0.00777179114191822,0.00735714136447742,0.670970078315641,1.61733597155529e-07,3.07673792767316e-07
"X1cc7480c.76e1.42d1.8593.49b356ef624e",0.0699852282045457,0.1793974613729,0.0305495190564212,0.00267689158431118,5.53986113863822e-07,0.018982268212237,0.552493434872816,1.03377063016981e-07,0.145914539333592
"X1d18e4b7.83a5.4c40.94ef.f77c1ba2fdbb",0.0617062654513596,0.0161935334704532,0.0570667899484618,0.000762804728516117,0.0886967334858158,0.0398785847117732,0.0529502670156826,0.00603854408855452,0.676706477099384
"X1d390e7f.bbbb.45b5.9466.d199f19106b2",0.463039093779998,0.321123537494414,4.04842966912739e-07,1.88787494635973e-07,1.81037635735596e-07,0.0503033081638809,0.129454094069114,1.4535631136837e-07,0.0360790464681847
"X1d468785.141d.40ca.acb1.d6d85a8c9d7b",0.111393247427808,0.306233483489273,0.0869319317531107,0.00278551755043669,0.0246925720684088,0.0471905893909054,0.0315159848897226,0.00929319315276086,0.379963480277574
"X1d65448f.dcba.432b.98d5.f7e87de4f9f6",0.233820148431425,0.233057846622409,0.0148371655511647,0.00559565307496789,6.10198128938181e-07,0.0215385085666159,0.434261516014008,3.76250024162746e-07,0.0568881752912564
"X1d6fed92.2d3c.46b6.8760.31bc1254cf65",0.213404051909597,0.144645390549363,8.56053831302132e-06,0.0258484596302188,0.0312173442731973,0.0760269470542464,0.299815061951854,4.18932984718695e-07,0.209033765160226
"X1d9d65b8.5af4.40e6.a01f.236f45cfecb4",0.0673934386536734,0.774807393749835,0.000158141752005653,4.36924629414665e-07,4.04127800768383e-07,0.133405841468899,5.56356871139388e-07,0.0242330554083735,7.31557912182409e-07
"X1dd10557.4e50.4af0.87c6.b4b3f6fa3a15",0.0652569793308001,0.326269741068369,0.0505111686045806,0.00898319738140814,0.0115185339152831,0.0383632803568359,0.214446561460657,1.74918334192774e-07,0.284650362963731
"X1dd6852b.2456.4576.9b22.f7604277c955",0.428178376235531,0.150251307961183,0.0202912473956535,0.00280180459993212,3.04889552242497e-07,0.00491167852468637,0.393564860040977,1.58997506605587e-07,2.6135497774372e-07
"X1e473e62.d679.45be.890c.77c52a3e7d47",0.0928622270337858,0.114085251893804,0.0355065298099971,1.35125004684578e-07,1.37886883502576e-06,0.00555299692487773,0.421067360606472,0.0205691713187983,0.310354948418426
"X1e742dad.8e44.452a.bf2b.9b8ae1ed8bb2",0.107387221097982,0.197706318381562,0.200852185085272,0.00115634205801164,0.00383465203526786,0.0106919129971798,0.360985534231125,3.69619324099598e-07,0.117385464494276
"X1ec0a33c.5b2e.4078.8226.48026f7d5c82",0.0801463120744149,0.0162599042229824,0.214094373803848,3.22892784385449e-07,0.042860090588897,0.00394394146129011,0.199446760624886,0.00637142358062965,0.436876870750267
"X1fc52882.bc89.4a45.a96e.5e051420c513",0.154472456921772,0.186231749609485,0.103506990887952,0.00248195403016451,0.0693110710405906,0.111413134368148,0.13778738085947,0.0421089213802102,0.192686340902208
"X204cf188.2162.43ac.bad4.8304622f3090",0.0592594634678053,0.14228467966967,0.0356805973669823,0.00661833070162916,6.1425843565074e-07,0.0148320258860513,0.425827810833751,1.18443059144026e-07,0.315496359372615
"X2056c543.2f73.4a2f.995e.3af2dda7b514",0.0850122182471677,0.147089712955293,0.0891537900605805,0.0248171529180935,0.112838297239693,0.0655165968007185,0.172455154163949,0.000563149122539658,0.302553928491966
"X20658f84.7e36.440f.9e88.08eab304813b",0.0723218230275705,0.0282858050271218,0.169322198496193,0.0190321734313819,0.111631150653098,0.0926302246723727,0.34289575213563,0.00460798385485503,0.159272888701778
"X207b5c1c.3710.47bd.be2c.e1307631b28f",0.0596111002769375,0.0519364462968716,0.0465803258347161,0.000133769110419589,2.63006865325638e-07,0.000593746945725293,0.235779223655562,1.41093496111279e-07,0.605364983779407
"X20ef7196.2274.44e1.a105.0761f80c893c",0.0845230015983388,0.152736181187111,0.0798474087774532,0.000775842270595732,0.0301686879501896,0.0092279882974811,0.165749375007917,5.22660864562676e-05,0.476919248824457
"X2100a159.27a6.47f2.a2f2.58f5343e88b0",0.0753967230504763,0.184285564497128,0.102642515969897,2.71152600492833e-05,0.0154673949207855,0.0482989631066818,0.132862409600326,3.38525765420382e-07,0.441018975068891
"X216e4f8a.be1a.41d6.b413.fa4645423caa",0.115785834764838,0.253047379378513,0.084741075525931,0.0358787130579614,0.0974521821214758,0.059074531980394,0.247861631094596,0.00118599415063331,0.104972657925657
"X217558e4.a5f5.4c72.91b7.b430a17f457a",0.240951998223102,0.0710794624769521,0.0231167580201624,0.0155213919144441,7.15948715652724e-06,0.00782501151933439,0.641286505777293,0.00021112011619024,5.92465365505832e-07
"X22190dbc.a176.4f26.96d8.c2d2667b64ae",0.133624204465151,0.243252472717953,0.17904251303124,0.0220179978473693,0.126682467957631,0.0333964628366022,0.169255803340739,7.70720526179189e-07,0.0927273070827893
"X222dd9b5.4187.45b9.8cb1.fd16ba14425b",0.0875207116544551,0.100360350738686,0.0412539360025241,0.0138530916928921,0.063895460436844,0.0876431093901819,0.0444172908159419,4.32775574115484e-07,0.5610556164929
"X2244c5e8.a873.4e29.abb7.e869a7d79e3f",0.054974778528149,0.15267189777816,0.0179707689627927,0.000879388870504088,6.478252774999e-07,0.0113056056539253,0.759841807532425,3.2033887413931e-07,0.00235478450989159
"X22aac1ce.7a45.481b.b3f6.6393deeadcd6",0.101296706062898,0.27759350330416,0.0178743653367404,0.0066011745242646,2.35664058777927e-05,0.0216454388149376,0.535229282343998,0.000290835586292036,0.0394451276208312
"X22c2b380.799e.4fad.ae38.46a916c592d5",0.0809936916458504,0.0698833482068289,7.98649185814444e-07,0.0124242030366788,1.8204593156992e-06,0.0134912392222591,0.563910985917396,2.4359075041494e-06,0.259291476954981
"X22c90647.bf63.49e1.972a.0ff9000b674b",0.0330978123101626,0.137904369337188,0.0405881112909031,2.0479213764549e-07,0.0574567458570986,0.0640863048703952,0.144408589972962,0.0581828741170657,0.464274987452088
"X22e623b3.2c82.4283.bd28.2cf1777b0179",0.0851273014656925,0.0923187486877145,0.200908803766514,0.00437285880545234,0.0852733241589567,0.0553483280242009,0.247824321067247,0.0207697276169444,0.208056586407279
"X231b4ae3.8543.47f4.a9f6.0ac26210b26d",0.0812333774121284,0.194189545708005,3.69326501370801e-06,8.38236592008802e-05,7.78034090531479e-07,0.0339053210373385,0.449664515550068,5.01599249361101e-07,0.240918443734907
"X23b39087.8003.4e5b.a1f8.b50b0919bcca",0.095936767584248,0.352059861190322,0.00280711065783937,0.000556078249834293,8.92806022748406e-07,0.0309720084018361,0.354618158017792,4.82266791407561e-07,0.163048640825314
"X23b6c182.bb01.403a.9844.560518d059ac",0.0857283404234661,0.445518166707788,0.0192910730774458,0.00687796052409054,0.00101215845791562,0.047792057091587,0.256374973744913,1.54350899821561e-07,0.137405115621895
"X23dace7d.4200.46ee.8501.96c4b5084851",0.119709361828536,0.153916310392643,0.131150732948324,0.00153110077261891,7.9936696425008e-07,0.0100660777855849,0.502294742612216,0.00540970289189965,0.0759211714012137
"X23f366c0.41f3.4159.86f0.5fa3d0059761",0.125817990277388,0.230958515529072,0.0383446223377663,7.47247714418781e-07,9.17534842562808e-07,0.014615006191758,0.399694580665739,0.000951917647945878,0.189615702567773
"X240a1e61.5188.4249.b6dd.d6e0d7935d8d",0.0350857646035206,0.138104976534912,0.00420542220956624,0.0171636953705724,7.58189258829756e-07,0.00451000215485951,0.765411706126874,1.22479573572605e-07,0.0355175523308627
"X2429f1fd.8612.4944.a405.296a52daec57",0.195763545199755,0.135095059075446,0.0113019999027975,0.0048330072491929,0.000240634059383277,0.0614383395790271,0.106247295195954,0.0351415804171917,0.449938539321253
"X2485ee80.8de4.4f98.b4f9.7c012bb29f6c",0.0620743740563904,0.261885948299209,0.0462265538731563,0.00377778969975421,0.0100172083666992,0.0476787069943058,0.174536053611738,7.82636646771505e-07,0.3938025824621
"X24c548e1.6368.464e.945c.933ee2f914ad",0.203540323526979,0.247282192834316,0.0244798004700092,0.0161713812631895,0.00929110825703879,0.0506533123230041,0.44833150371256,0.000249753171832784,6.24441071515432e-07
"X24e5d229.23d1.49c2.bc00.ad3441b324cc",0.0859126179667422,0.0646143318489604,0.000116306195752219,3.56677612588316e-06,8.87458901921495e-07,0.0194587103045665,0.736778078432205,0.00155128532432943,0.0915642156924163
"X24edd191.20a1.4887.951a.3f0a753d43f8",0.120906491573718,0.163892621475015,0.243855878123182,0.00202201819135585,0.0126926259912189,0.026875790614246,0.214310425358556,0.00349583695490312,0.211948311717805
"X24eddfec.08a0.48fa.bef3.a4b9bd740170",0.138063083637933,0.308360149494279,0.0318560425918647,0.00302352371526335,9.06871185849974e-07,0.010271185653583,0.492585002412215,3.70396161744435e-07,0.0158397352275154
"X253aa5dc.9853.462a.9bcd.c2e44817833b",0.0701078178481565,0.0743358235464929,0.089290462638993,4.95642705076461e-07,0.0397708094202426,0.00396101304049254,0.368196368863642,3.53620438982647e-07,0.354336855378837
"X2553a422.8136.4fb9.95af.3ffafff2d223",0.0647831012242836,0.76372985609101,0.0291584071270378,0.00453028441396022,9.84163658861879e-05,0.0856565231363492,0.0515862493297749,0.000456823569641459,3.38742056191466e-07
"X2639c1a0.fcae.4abd.aff7.9a8988a26c3c",0.094943047103442,0.154629652328974,6.12221010505714e-07,0.000116599185610939,0.000164443617338615,0.0751044679166325,0.302022360508508,0.00171198532630953,0.371306831792174
"X2645561c.8313.4196.b321.b4a83879df88",0.0910895472507304,0.163779730432605,0.00691811465046072,0.00944504253873439,0.00602572385270508,0.0626862534395855,0.145567759358833,0.00369451479789041,0.510793313678455
"X265fc9bf.8f99.4422.b78d.78ecf09b0e53",0.0535042959063947,0.110584913506625,0.0902490197771462,0.0002485134952658,0.0259359562586129,0.00476872298744911,0.260462782258977,2.42856835162647e-07,0.454245552952694
"X269c35f0.a4f7.4e30.a69f.f1f3b7b5dace",0.498094023246282,0.349590046297078,2.766547058863e-07,1.68333921039879e-07,1.15902049589286e-07,0.0265120313886225,0.0917388649055327,1.52701676299232e-07,0.0340643205701318
"X273bc6c8.f5a9.44df.a707.5274fcba8362",0.0672152825243071,0.504584162897873,4.74576457980079e-07,0.0419943242428108,0.0408934947290624,0.0506120829342627,0.271362741387504,4.81887202844318e-07,0.0233369548205185
